$ANSIBLE_VAULT;1.1;AES256
32626232383433326263336135316131393333636633333932356335633331393938363161326137
3631613138623162396361303735313439373165323561630a346532363232333533663835356563
35386635303761383730313833663134316465323366363938353564396437333331303762623931
3730663339346537650a643032643233346463346138333165633137643535383337393236636164
64356165666666663965323839353336663531366164643061396164396663626433653064383432
34303863303266643963666364656534663536336239336437343665323161666336326365636138
61613862363839656332393766323433386630323733363763303762323532383036303630633263
62383830303863636465303138373638383066316463326665373431616231643036306166313865
35633666346639636437306132383437333063383030633761616561363832356661343631653235
61336563303335356365663236653234643132653132386336373462353661373863393932326636
35326238356439633135323333313961353863333330343936383337643432306530396537313539
65393238323739356462623366653338303634306430396661343539393463383130393565323565
39373036646436346333313439633961663162396265643766343437343064663564373338336363
37346466663466623331323562366361646432346561333366646334306364366239366635343437
65333533346434323366623539653934616631636436646536366631373232353136346264623762
38666662366431346262353963393934306536633939356235366539333665373733366263343839
32613137316133633663326430396234383532373132363835376135303662373261
