$ANSIBLE_VAULT;1.1;AES256
66643837653163663430303330333734343832336665633062636162393530303537376561366338
3934313838653764326565333635636337356366653831640a313231353565333239626230613266
33323339303137313334326637386231316536643937383331316662666539383530346363356538
6562313463366261390a343363653165386366363633666137336364656133306537373761393466
64393239666466353831636130383232636561303338623863626539363035373362306562303538
65666463613135663233663761373131656130613365366166323234343633353237356663383737
62636436653237316264363534386136663534386332383663623565613331323963653061306337
37633938613461613466336139306461353734666434343164323433323030346537653130393233
35636139363937653932343064613466323633396335306234323661313736643565643662386461
30333733383366346339316635666333613062333563663638646166356338383365313834656365
63623732323139346432346634336536363237323864366135636263663633623238636533346339
66303039373432613061
