$ANSIBLE_VAULT;1.1;AES256
32353730613566653135343234393934363265303432323532393266333033383130313463336336
6536356233326238386132313732343464633661633434630a333030346566323334356465326630
38656138643564303965376435313766383839363862643061616662383662343963623139396466
6339393966653761630a663239366662363163633134326537626239333837353132333666363732
65333639313230363436373536663231316365653961316235623636373930613533373931313464
64623031393836376664353962636232393337613937393534373636346335353765373266326366
33386165336137636136656635356262623663626435646132303434383338613663353966666639
64653531363636393338333139663034343931376663626137326531326330643763623233336162
61643664363332643163623932336663333232333165373961613332366663326137653830663932
65323833366334663537663461383364653737613338343931636439653335393036633339636462
34653638653262353738343434363565363037326562343461303538653138353363353731373330
37643133616332303134
